format long;
e = [1, 0, 0, 0];

A=[0 0 1 0;0 0 0 1;0 -0.1134104046 0 0;0 6.615606936 0 0];
Ad = [
  1.0, -0.00131165, 0.1511355, -0.00006574791;
   0,    1.076513,         0,      0.1549708;
   0,  -0.0175753,       1.0,    -0.00131165;
   0,    1.025226,         0,       1.076513;
];

Q_voln = [[7614.43, 0];[0, 272182138.435]];

H = [e; e*A];
Hd = [e; e* Ad];

Q = H' * Q_voln * H
Qd = Hd' * Q_voln * Hd






