
a0 = 1;
a1 = - 4.15302599999995;
a2 = 6.306052145768 ;
a3 = - 4.15302629153666;
a4 = 1;
A11=a4;
A12=a0;

d1=det([A11, A12';A12,A11'])

A21=[a4, 0;
a3, a4];
A22=[a0,0;
a1,a0];

d2=det([A21, A22';A22,A21'])

A31=[a4, 0, 0;
a3, a4, 0;
a2,a3,a4];
A32=[a0,0,0;
a1,a0,0;
a2,a1,a0];

d3=det([A31, A32';A32,A31'])

A41=[a4, 0, 0, 0;
a3, a4, 0, 0;
a2,a3,a4,0;
a1,a2, a3, a4];

A42=[a0,0,0,0;
a1,a0,0,0;
a2,a1,a0,0;
a3,a2,a1,a0];

d4=det([A41, A42';A42,A41'])